01001101010011010110010100010011
01111111100100010001000000100011
10010011010011000010100000010011
01101010010000010101100110010011
00000000001010101011111110110011
00000001110111100110011000110011
00000011011111100000110001100011
00000001010000101100100110110011
00001110011001010111010010010111
10110110100001011000010000010011
11111100100010100101111100010011
00000000101001111010111110110011
00000000000011001000001010110011
00000000000000000000000001110011
01000001011001101000011010110011
01000001011101111101100000110011
00000000000100000000000001110011
01000100110011001010010000100011
01010101000001001001100110000011
10001001000000111100011010000011
11111111000110110110111011100011
00000000000000000000000001110011
